Enter the number of wires: 
7
Enter the number of gates: 
20
Gate No: 1
3
2
1
1
1
1
1
Gate No: 2
1
2
1
1
1
1
1
Gate No: 3
1
1
1
1
1
2
3
Gate No: 4
3
3
3
2
1
3
3
Gate No: 5
3
3
3
0
2
3
0
Gate No: 6
0
0
0
2
0
0
0
Gate No: 7
0
0
3
2
3
3
3
Gate No: 8
3
3
3
2
1
1
1
Gate No: 9
1
1
2
1
1
1
3
Gate No: 10
3
3
3
2
1
1
1
Gate No: 11
1
1
2
1
0
0
0
Gate No: 12
0
0
0
2
3
3
3
Gate No: 13
1
2
3
3
3
3
3
Gate No: 14
3
3
2
1
1
1
1
Gate No: 15
1
1
1
2
3
3
3
Gate No: 16
3
3
3
2
0
0
0
Gate No: 17
0
2
1
3
3
3
3
Gate No: 18
3
3
3
2
1
1
1
Gate No: 19
1
2
1
1
1
3
3
Gate No: 20
0
0
2
3
1
3
3


Final without duplicates: 
[[1, 1, 1, 0, 1, 0, 1], [0, 0, 0, 1, 0, 0, 0, 1, 0, 1, 0, 0, 1, 1, 0, 0, 0, 1, 0, 0], 6]
[[0, 0, 0, 1, 1, 0, 0], [0, 0, 0, 1, 1, 1, 1, 0, 0, 0, 0, 1, 0, 0, 0, 1, 0, 0, 0, 0], 6]
[[1, 0, 0, 1, 1, 0, 0], [0, 0, 0, 1, 1, 0, 0, 0, 0, 0, 0, 0, 1, 0, 0, 1, 0, 0, 0, 0], 4]
[[1, 1, 0, 1, 1, 0, 0], [0, 0, 0, 1, 1, 0, 0, 0, 0, 0, 0, 0, 1, 0, 0, 1, 0, 0, 0, 0], 4]
[[0, 0, 0, 0, 0, 1, 0], [0, 0, 0, 0, 1, 0, 1, 0, 0, 0, 0, 1, 0, 0, 0, 0, 0, 0, 0, 1], 4]
[[0, 0, 0, 1, 0, 0, 0], [0, 0, 0, 0, 0, 1, 1, 0, 0, 0, 0, 1, 0, 0, 0, 1, 0, 0, 0, 0], 4]
[[0, 1, 1, 1, 1, 0, 0], [0, 0, 0, 1, 1, 0, 0, 0, 0, 0, 0, 0, 0, 0, 0, 1, 1, 0, 0, 0], 4]
[[0, 0, 1, 1, 1, 0, 0], [0, 0, 0, 1, 1, 0, 1, 0, 0, 0, 0, 0, 0, 0, 0, 1, 1, 0, 0, 0], 5]
[[1, 0, 0, 0, 1, 1, 1], [0, 0, 0, 1, 0, 0, 0, 1, 0, 1, 0, 0, 1, 1, 1, 0, 0, 1, 1, 0], 8]
[[0, 0, 0, 1, 1, 1, 0], [0, 0, 0, 1, 1, 0, 1, 0, 0, 0, 0, 1, 0, 0, 0, 0, 0, 0, 0, 0], 4]
[[1, 1, 1, 1, 1, 0, 0], [0, 0, 1, 1, 1, 0, 0, 0, 0, 0, 0, 0, 1, 0, 0, 0, 0, 0, 0, 0], 4]
[[1, 1, 1, 1, 1, 0, 1], [0, 0, 1, 1, 0, 0, 0, 1, 1, 1, 0, 0, 1, 0, 0, 0, 0, 1, 0, 0], 7]
[[0, 0, 0, 0, 1, 1, 0], [0, 0, 0, 1, 0, 0, 1, 0, 0, 0, 0, 1, 0, 0, 0, 0, 0, 0, 0, 1], 4]
[[1, 1, 1, 0, 1, 0, 1], [0, 0, 0, 1, 0, 0, 0, 0, 0, 0, 0, 0, 1, 0, 0, 0, 0, 0, 1, 0], 3]
[[1, 1, 1, 1, 0, 0, 0], [0, 0, 0, 0, 0, 0, 0, 0, 0, 0, 1, 0, 1, 0, 0, 1, 0, 0, 0, 0], 3]
[[0, 0, 0, 0, 1, 0, 0], [0, 0, 0, 1, 0, 0, 1, 0, 0, 0, 0, 1, 0, 0, 0, 0, 0, 0, 0, 1], 4]
[[0, 0, 1, 0, 1, 0, 0], [0, 0, 0, 1, 0, 0, 1, 0, 0, 0, 0, 0, 0, 0, 0, 0, 1, 0, 0, 0], 3]
[[1, 1, 1, 0, 1, 0, 0], [0, 0, 0, 1, 0, 0, 0, 0, 0, 0, 0, 0, 1, 0, 0, 0, 0, 0, 1, 0], 3]
[[0, 1, 0, 1, 1, 0, 0], [0, 0, 0, 1, 1, 0, 0, 0, 0, 0, 0, 0, 0, 0, 0, 1, 0, 0, 0, 0], 3]
[[1, 0, 0, 1, 1, 1, 0], [0, 0, 0, 1, 1, 0, 0, 0, 0, 0, 0, 0, 1, 0, 0, 0, 0, 0, 0, 0], 3]
[[0, 0, 1, 0, 1, 1, 1], [0, 0, 0, 1, 0, 0, 1, 1, 0, 1, 0, 0, 0, 0, 0, 0, 1, 1, 0, 0], 6]
[[0, 0, 1, 0, 0, 0, 0], [0, 0, 0, 0, 1, 0, 1, 0, 0, 0, 0, 0, 0, 0, 0, 0, 1, 0, 0, 0], 3]
[[0, 1, 1, 0, 0, 0, 0], [0, 0, 0, 0, 1, 0, 0, 0, 0, 0, 0, 0, 0, 0, 0, 0, 1, 0, 0, 1], 3]
[[0, 0, 1, 0, 0, 1, 1], [0, 0, 0, 0, 0, 0, 1, 0, 0, 0, 0, 0, 0, 0, 0, 0, 1, 0, 0, 0], 2]
[[0, 1, 1, 1, 0, 0, 0], [0, 0, 0, 0, 0, 0, 0, 0, 0, 0, 0, 0, 0, 0, 0, 1, 1, 0, 0, 0], 2]
[[0, 0, 1, 1, 0, 0, 0], [0, 0, 0, 0, 0, 0, 1, 0, 0, 0, 0, 0, 0, 0, 0, 1, 1, 0, 0, 0], 3]
[[1, 1, 1, 0, 1, 1, 0], [0, 0, 0, 1, 0, 0, 0, 0, 1, 0, 0, 0, 1, 0, 0, 0, 0, 0, 0, 0], 3]
[[0, 0, 0, 0, 1, 0, 1], [0, 0, 0, 1, 0, 0, 1, 0, 0, 0, 0, 1, 0, 0, 0, 0, 0, 0, 0, 1], 4]
[[1, 0, 1, 0, 1, 1, 1], [0, 0, 0, 1, 0, 0, 0, 1, 0, 1, 0, 0, 1, 1, 0, 0, 0, 1, 0, 0], 6]
[[0, 0, 0, 1, 1, 0, 1], [0, 0, 0, 1, 0, 0, 1, 0, 0, 0, 0, 1, 0, 0, 0, 0, 0, 0, 0, 1], 4]
[[1, 1, 0, 1, 1, 1, 1], [0, 0, 0, 1, 0, 0, 0, 1, 1, 1, 0, 0, 1, 0, 0, 0, 0, 1, 1, 0], 7]
[[1, 0, 0, 1, 1, 1, 1], [0, 0, 0, 1, 0, 0, 0, 1, 0, 1, 0, 0, 1, 0, 0, 0, 0, 1, 0, 0], 5]
[[0, 0, 1, 1, 1, 1, 0], [0, 0, 0, 1, 1, 0, 1, 0, 0, 0, 0, 0, 0, 0, 0, 0, 1, 0, 0, 0], 4]
[[0, 1, 0, 0, 1, 1, 1], [0, 0, 0, 1, 0, 0, 0, 1, 0, 1, 0, 0, 0, 1, 0, 0, 1, 1, 0, 1], 7]
[[1, 1, 0, 0, 1, 1, 1], [0, 0, 0, 1, 0, 0, 0, 1, 0, 1, 0, 0, 1, 1, 0, 0, 0, 1, 0, 0], 6]
[[0, 0, 0, 0, 1, 1, 1], [0, 0, 0, 1, 0, 0, 1, 1, 0, 1, 0, 1, 0, 1, 0, 0, 1, 1, 0, 0], 8]
[[0, 1, 0, 1, 1, 1, 1], [0, 0, 0, 1, 0, 0, 0, 1, 0, 1, 0, 0, 0, 0, 0, 0, 0, 1, 0, 0], 4]
[[1, 1, 1, 0, 1, 1, 1], [0, 0, 0, 1, 0, 0, 0, 1, 0, 1, 0, 0, 1, 1, 0, 0, 0, 1, 0, 0], 6]
[[1, 1, 1, 1, 1, 1, 0], [0, 0, 1, 1, 1, 0, 0, 0, 0, 0, 0, 0, 1, 0, 0, 1, 0, 0, 0, 0], 5]
[[0, 0, 0, 1, 1, 1, 1], [0, 0, 0, 1, 0, 0, 1, 1, 0, 1, 0, 1, 0, 0, 0, 0, 0, 1, 0, 1], 7]
[[1, 1, 1, 1, 1, 1, 1], [1, 1, 1, 1, 0, 0, 0, 0, 0, 0, 0, 0, 1, 0, 0, 0, 0, 0, 0, 0], 5]


Final Result :
[[1, 0, 0, 0, 1, 1, 1], [0, 0, 0, 1, 0, 0, 0, 1, 0, 1, 0, 0, 1, 1, 1, 0, 0, 1, 1, 0], 8]
[[0, 0, 0, 1, 1, 0, 0], [0, 0, 0, 1, 1, 1, 1, 0, 0, 0, 0, 1, 0, 0, 0, 1, 0, 0, 0, 0], 6]
[[1, 1, 1, 1, 1, 1, 1], [1, 1, 1, 1, 0, 0, 0, 0, 0, 0, 0, 0, 1, 0, 0, 0, 0, 0, 0, 0], 5]
[[0, 1, 1, 0, 0, 0, 0], [0, 0, 0, 0, 1, 0, 0, 0, 0, 0, 0, 0, 0, 0, 0, 0, 1, 0, 0, 1], 3]
[[1, 1, 1, 1, 1, 0, 1], [0, 0, 1, 1, 0, 0, 0, 1, 1, 1, 0, 0, 1, 0, 0, 0, 0, 1, 0, 0], 7]
[[1, 1, 1, 1, 0, 0, 0], [0, 0, 0, 0, 0, 0, 0, 0, 0, 0, 1, 0, 1, 0, 0, 1, 0, 0, 0, 0], 3]

Process finished with exit code 0
