"C:\Users\Shaiful Islam Shabuj\AppData\Local\Programs\Python\Python36\python.exe" "D:/EWU/Fall2017/cse497 Thesis/revPython/main.py"
Enter the number of wires:
12
Enter the number of gates:
19
Gate No: 1
3
1
1
1
1
1
1
1
1
2
3
1
Gate No: 2
3
1
1
1
1
1
1
1
2
3
3
1
Gate No: 3
3
1
1
1
1
1
1
2
3
3
3
2
Gate No: 4
3
1
1
1
1
1
2
3
3
3
3
1
Gate No: 5
3
1
1
1
1
2
3
3
3
3
3
1
Gate No: 6
3
2
1
1
2
3
3
3
3
3
3
1
Gate No: 7
3
1
1
2
3
3
3
3
3
3
3
1
Gate No: 8
3
1
2
3
3
3
3
3
3
3
3
1
Gate No: 9
3
2
3
3
3
3
3
3
3
3
3
1
Gate No: 10
1
1
1
1
1
1
1
1
1
2
1
3
Gate No: 11
1
1
1
1
1
1
1
1
2
3
1
3
Gate No: 12
1
1
1
1
1
1
1
2
3
3
1
3
Gate No: 13
1
1
1
1
1
1
2
3
3
3
1
3
Gate No: 14
1
1
1
1
1
2
3
3
3
3
1
3
Gate No: 15
1
1
1
1
2
3
3
3
3
3
1
3
Gate No: 16
1
1
1
2
3
3
3
3
3
3
1
3
Gate No: 17
1
1
2
3
3
3
3
3
3
3
1
3
Gate No: 18
1
2
3
3
3
3
3
3
3
3
1
3
Gate No: 19
2
3
3
3
3
3
3
3
3
3
1
3


Vector Analysis Time:  2718.871593475342 ms
Number of Generation:  24
Final without duplicates:
[[1, 1, 1, 1, 1, 0, 1, 1, 1, 0, 1, 1], [0, 0, 0, 0, 1, 1, 0, 0, 1, 1, 1, 1, 1, 1, 1, 1, 1, 1, 1], 13]
[[1, 1, 1, 1, 1, 1, 1, 1, 1, 1, 1, 1], [1, 1, 1, 1, 1, 1, 0, 0, 1, 0, 0, 0, 0, 1, 1, 1, 1, 1, 1], 13]
[[1, 1, 1, 1, 1, 0, 1, 1, 0, 1, 1, 1], [0, 0, 0, 0, 1, 1, 0, 0, 1, 0, 1, 1, 1, 1, 1, 1, 1, 1, 1], 12]
[[1, 1, 1, 1, 1, 1, 1, 1, 0, 1, 1, 1], [0, 1, 1, 1, 1, 1, 0, 0, 1, 0, 0, 0, 0, 1, 1, 1, 1, 1, 1], 12]
[[1, 1, 1, 1, 1, 1, 1, 0, 1, 0, 1, 1], [0, 0, 1, 0, 0, 0, 0, 0, 0, 1, 1, 1, 1, 1, 1, 1, 1, 1, 1], 11]
[[1, 1, 1, 1, 1, 1, 1, 1, 0, 0, 1, 0], [0, 0, 1, 1, 1, 1, 0, 0, 1, 0, 0, 0, 0, 1, 1, 1, 1, 1, 1], 11]
[[1, 1, 1, 1, 1, 1, 0, 1, 1, 0, 1, 1], [0, 0, 0, 1, 1, 1, 0, 0, 1, 0, 0, 0, 0, 1, 1, 1, 1, 1, 1], 10]
[[1, 1, 1, 1, 1, 1, 0, 0, 0, 1, 1, 1], [0, 0, 0, 1, 1, 1, 0, 0, 1, 0, 0, 0, 0, 1, 1, 1, 1, 1, 1], 10]
[[1, 1, 1, 1, 1, 1, 1, 0, 0, 1, 1, 0], [0, 0, 1, 0, 0, 0, 0, 0, 0, 0, 0, 1, 1, 1, 1, 1, 1, 1, 1], 9]
[[1, 0, 1, 1, 0, 0, 0, 0, 0, 1, 1, 1], [0, 0, 0, 0, 0, 1, 0, 0, 1, 0, 0, 0, 0, 0, 1, 1, 1, 1, 1], 7]
[[1, 0, 1, 1, 0, 0, 1, 0, 0, 1, 1, 1], [0, 0, 0, 0, 0, 1, 0, 0, 1, 0, 0, 0, 0, 0, 1, 1, 1, 1, 1], 7]
[[1, 0, 1, 1, 0, 1, 1, 1, 0, 1, 1, 1], [0, 0, 0, 0, 0, 1, 0, 0, 1, 0, 0, 0, 0, 0, 1, 1, 1, 1, 1], 7]
[[1, 0, 1, 1, 0, 0, 0, 1, 1, 0, 1, 1], [0, 0, 0, 0, 0, 1, 0, 0, 1, 0, 0, 0, 0, 0, 1, 1, 1, 1, 1], 7]
[[1, 0, 1, 1, 0, 0, 1, 1, 1, 1, 1, 1], [0, 0, 0, 0, 0, 1, 0, 0, 1, 0, 0, 0, 0, 0, 1, 1, 1, 1, 1], 7]
[[1, 0, 1, 1, 0, 0, 0, 0, 1, 0, 1, 1], [0, 0, 0, 0, 0, 1, 0, 0, 1, 0, 0, 0, 0, 0, 1, 1, 1, 1, 1], 7]
[[1, 1, 1, 1, 1, 1, 1, 1, 1, 1, 0, 1], [1, 1, 1, 1, 1, 1, 0, 0, 1, 0, 0, 0, 0, 0, 0, 0, 0, 0, 0], 7]
[[1, 1, 1, 1, 1, 1, 0, 0, 1, 1, 1, 0], [0, 0, 0, 0, 0, 0, 0, 0, 0, 0, 0, 0, 1, 1, 1, 1, 1, 1, 1], 7]
[[1, 0, 1, 1, 0, 0, 0, 1, 0, 0, 1, 1], [0, 0, 0, 0, 0, 1, 0, 0, 1, 0, 0, 0, 0, 0, 1, 1, 1, 1, 1], 7]
[[1, 0, 1, 1, 0, 1, 1, 0, 0, 1, 1, 1], [0, 0, 0, 0, 0, 1, 0, 0, 1, 0, 0, 0, 0, 0, 1, 1, 1, 1, 1], 7]
[[1, 0, 1, 1, 0, 1, 0, 1, 0, 1, 1, 1], [0, 0, 0, 0, 0, 1, 0, 0, 1, 0, 0, 0, 0, 0, 1, 1, 1, 1, 1], 7]
[[1, 1, 1, 1, 1, 0, 0, 0, 1, 1, 1, 0], [0, 0, 0, 0, 0, 0, 0, 0, 0, 0, 0, 0, 0, 1, 1, 1, 1, 1, 1], 6]
[[1, 1, 1, 1, 1, 1, 1, 1, 0, 0, 0, 1], [0, 1, 1, 1, 1, 1, 0, 0, 1, 0, 0, 0, 0, 0, 0, 0, 0, 0, 0], 6]
[[1, 1, 1, 1, 1, 0, 0, 1, 0, 0, 1, 0], [0, 0, 0, 0, 0, 0, 0, 0, 0, 0, 0, 0, 0, 1, 1, 1, 1, 1, 1], 6]
[[1, 0, 1, 1, 1, 1, 1, 1, 1, 0, 1, 1], [0, 0, 0, 0, 0, 1, 1, 1, 1, 0, 0, 0, 0, 0, 0, 0, 0, 1, 1], 6]


Final Result :
Time to find most covered Vectors:  0.0 ms
[[1, 1, 1, 1, 1, 0, 1, 1, 1, 0, 1, 1], [0, 0, 0, 0, 1, 1, 0, 0, 1, 1, 1, 1, 1, 1, 1, 1, 1, 1, 1], 13]
[[1, 1, 1, 1, 1, 1, 1, 1, 1, 1, 1, 1], [1, 1, 1, 1, 1, 1, 0, 0, 1, 0, 0, 0, 0, 1, 1, 1, 1, 1, 1], 13]
[[1, 0, 1, 1, 1, 1, 1, 1, 1, 0, 1, 1], [0, 0, 0, 0, 0, 1, 1, 1, 1, 0, 0, 0, 0, 0, 0, 0, 0, 1, 1], 6]

Process finished with exit code 0
