"C:\Users\Shaiful Islam Shabuj\AppData\Local\Programs\Python\Python36\python.exe" "D:/EWU/Fall2017/cse497 Thesis/revPython/main.py"
Enter the number of wires:
7
Enter the number of gates:
21
Gate No: 1
3
2
1
3
3
3
3
Gate No: 2
3
2
3
3
1
1
1
Gate No: 3
2
1
3
3
3
3
3
Gate No: 4
3
2
3
1
3
3
3
Gate No: 5
3
3
2
1
3
3
3
Gate No: 6
3
3
3
2
3
3
1
Gate No: 7
3
2
3
3
3
1
1
Gate No: 8
3
3
3
3
1
2
3
Gate No: 9
3
3
3
2
1
1
1
Gate No: 10
3
3
2
3
1
3
1
Gate No: 11
3
3
3
3
1
1
2
Gate No: 12
3
3
3
3
2
1
1
Gate No: 13
3
3
1
3
3
2
3
Gate No: 14
3
3
3
3
1
2
1
Gate No: 15
3
1
3
3
2
3
3
Gate No: 16
3
3
1
3
2
3
3
Gate No: 17
3
3
3
1
3
3
2
Gate No: 18
3
3
3
3
3
2
1
Gate No: 19
3
1
3
2
3
3
3
Gate No: 20
1
3
3
2
3
3
3
Gate No: 21
1
3
2
3
3
3
3


Population Size (20% of vectors):  26
Vector Analysis Time:  15.617847442626953 ms
Number of Generation:  10
Final without duplicates:
[[1, 0, 1, 1, 1, 0, 1], [1, 0, 1, 1, 1, 1, 0, 1, 1, 1, 1, 0, 1, 0, 0, 1, 1, 1, 0, 0, 0], 13]
[[0, 1, 0, 1, 0, 1, 1], [0, 0, 1, 1, 1, 1, 1, 0, 0, 0, 0, 1, 1, 1, 1, 1, 0, 1, 1, 1, 1], 14]
[[0, 1, 0, 0, 1, 0, 1], [0, 0, 1, 0, 0, 1, 0, 1, 1, 1, 1, 0, 1, 0, 1, 1, 0, 0, 1, 1, 1], 12]
[[0, 1, 0, 1, 1, 0, 0], [0, 0, 1, 1, 1, 0, 0, 1, 0, 0, 1, 1, 1, 0, 0, 1, 1, 0, 0, 1, 1], 11]
[[1, 0, 0, 1, 0, 1, 1], [0, 0, 0, 1, 1, 1, 1, 0, 0, 0, 0, 1, 1, 1, 0, 1, 0, 1, 0, 1, 1], 11]
[[0, 0, 1, 0, 1, 0, 1], [1, 0, 1, 0, 0, 1, 0, 1, 1, 1, 1, 0, 0, 0, 1, 0, 0, 0, 1, 1, 1], 11]
[[0, 1, 0, 1, 1, 0, 1], [0, 0, 1, 1, 1, 1, 0, 1, 1, 1, 1, 0, 0, 0, 0, 0, 1, 1, 0, 1, 1], 12]
[[1, 1, 0, 1, 1, 0, 1], [0, 0, 1, 1, 1, 1, 0, 1, 1, 1, 1, 0, 0, 0, 0, 0, 1, 1, 0, 0, 0], 10]
[[0, 1, 0, 1, 1, 1, 0], [0, 0, 1, 1, 1, 0, 0, 1, 0, 0, 0, 0, 1, 0, 0, 1, 1, 1, 0, 1, 1], 10]
[[0, 1, 1, 0, 1, 1, 1], [1, 1, 1, 0, 0, 1, 1, 1, 0, 1, 0, 0, 0, 1, 0, 0, 1, 0, 0, 1, 1], 11]


Final Result :
Time to find most covered Vectors:  0.0 ms
Number of Covered Vectors:  3
[[0, 1, 0, 1, 0, 1, 1], [0, 0, 1, 1, 1, 1, 1, 0, 0, 0, 0, 1, 1, 1, 1, 1, 0, 1, 1, 1, 1], 14]
[[1, 0, 1, 1, 1, 0, 1], [1, 0, 1, 1, 1, 1, 0, 1, 1, 1, 1, 0, 1, 0, 0, 1, 1, 1, 0, 0, 0], 13]
[[0, 1, 1, 0, 1, 1, 1], [1, 1, 1, 0, 0, 1, 1, 1, 0, 1, 0, 0, 0, 1, 0, 0, 1, 0, 0, 1, 1], 11]

Process finished with exit code 0
