"C:\Users\Shaiful Islam Shabuj\AppData\Local\Programs\Python\Python36\python.exe" "D:/EWU/Fall2017/cse497 Thesis/revPython/main.py"
Enter the number of wires:
7
Enter the number of gates:
25
Gate No: 1
3
3
3
3
1
2
3
Gate No: 2
3
2
3
3
3
3
1
Gate No: 3
3
3
2
3
3
3
1
Gate No: 4
3
3
3
3
1
1
2
Gate No: 5
3
3
3
3
2
3
1
Gate No: 6
3
3
3
3
3
2
1
Gate No: 7
3
3
2
1
3
3
3
Gate No: 8
2
3
3
1
3
3
3
Gate No: 9
3
2
3
1
3
3
3
Gate No: 10
3
3
1
2
3
1
3
Gate No: 11
3
3
2
3
1
3
1
Gate No: 12
3
3
1
2
3
1
3
Gate No: 13
3
2
3
1
3
3
3
Gate No: 14
3
3
3
3
2
1
1
Gate No: 15
2
3
3
1
3
3
3
Gate No: 16
3
3
3
1
3
2
3
Gate No: 17
3
3
3
2
1
3
1
Gate No: 18
3
1
3
3
2
3
3
Gate No: 19
3
2
1
3
3
3
3
Gate No: 20
3
3
3
1
3
3
2
Gate No: 21
3
3
1
3
3
2
3
Gate No: 22
3
1
3
2
3
3
3
Gate No: 23
2
3
3
1
3
3
3
Gate No: 24
1
3
3
2
3
3
3
Gate No: 25
1
3
2
3
3
3
3


Population Size (20% of vectors):  26
Vector Analysis Time:  15.624523162841797 ms
Number of Generation:  9
Final without duplicates:
[[0, 0, 0, 1, 1, 1, 1], [1, 1, 1, 0, 1, 1, 1, 1, 1, 0, 0, 0, 1, 1, 1, 1, 1, 1, 0, 0, 0, 1, 1, 1, 1], 18]
[[0, 1, 1, 1, 1, 0, 1], [1, 1, 1, 1, 0, 0, 1, 1, 1, 1, 0, 1, 1, 0, 1, 1, 0, 0, 1, 1, 1, 1, 0, 0, 0], 16]
[[0, 0, 1, 1, 1, 1, 1], [1, 1, 1, 0, 1, 1, 1, 1, 1, 1, 0, 1, 1, 1, 1, 1, 1, 1, 1, 0, 1, 0, 0, 0, 0], 18]
[[1, 0, 0, 1, 1, 1, 1], [1, 1, 1, 0, 1, 1, 1, 1, 1, 0, 0, 0, 1, 1, 1, 1, 1, 1, 0, 0, 0, 1, 1, 0, 0], 16]
[[0, 0, 0, 1, 1, 0, 0], [1, 0, 0, 1, 1, 1, 1, 1, 1, 0, 0, 0, 1, 0, 1, 1, 0, 0, 1, 1, 1, 1, 0, 0, 0], 14]
[[0, 1, 0, 1, 0, 1, 0], [0, 0, 0, 0, 0, 0, 1, 1, 1, 1, 0, 1, 1, 0, 1, 1, 0, 1, 1, 1, 1, 0, 1, 1, 1], 15]
[[0, 0, 1, 1, 1, 0, 0], [1, 0, 0, 1, 1, 1, 1, 1, 1, 0, 0, 0, 1, 0, 1, 1, 0, 0, 0, 1, 0, 0, 1, 1, 1], 14]
[[1, 0, 0, 1, 0, 1, 0], [0, 0, 0, 0, 0, 0, 1, 1, 1, 1, 0, 1, 1, 0, 1, 1, 0, 0, 1, 1, 1, 1, 0, 1, 1], 14]
[[1, 1, 1, 1, 0, 1, 1], [0, 1, 1, 0, 1, 1, 1, 1, 1, 0, 1, 0, 1, 0, 1, 1, 1, 0, 0, 0, 0, 0, 0, 1, 1], 14]


Final Result :
Time to find most covered Vectors:  0.0 ms
Number of Covered Vectors:  3
[[0, 0, 0, 1, 1, 1, 1], [1, 1, 1, 0, 1, 1, 1, 1, 1, 0, 0, 0, 1, 1, 1, 1, 1, 1, 0, 0, 0, 1, 1, 1, 1], 18]
[[0, 1, 1, 1, 1, 0, 1], [1, 1, 1, 1, 0, 0, 1, 1, 1, 1, 0, 1, 1, 0, 1, 1, 0, 0, 1, 1, 1, 1, 0, 0, 0], 16]
[[1, 1, 1, 1, 0, 1, 1], [0, 1, 1, 0, 1, 1, 1, 1, 1, 0, 1, 0, 1, 0, 1, 1, 1, 0, 0, 0, 0, 0, 0, 1, 1], 14]

Process finished with exit code 0
