"C:\Users\Shaiful Islam Shabuj\AppData\Local\Programs\Python\Python36\python.exe" "D:/EWU/Fall2017/cse497 Thesis/revPython/main.py"
Enter the number of wires:
5
Enter the number of gates:
55
Gate No: 1
3
2
3
1
3
Gate No: 2
3
3
3
2
1
Gate No: 3
3
2
1
1
3
Gate No: 4
2
3
3
3
1
Gate No: 5
1
3
3
1
2
Gate No: 6
1
1
2
1
3
Gate No: 7
3
2
1
3
1
Gate No: 8
2
3
3
3
1
Gate No: 9
1
1
1
1
2
Gate No: 10
1
2
3
1
1
Gate No: 11
1
1
3
2
1
Gate No: 12
1
3
2
3
1
Gate No: 13
2
1
3
3
1
Gate No: 14
1
1
2
3
1
Gate No: 15
1
2
3
3
3
Gate No: 16
2
1
1
1
1
Gate No: 17
3
1
2
3
3
Gate No: 18
3
2
1
1
1
Gate No: 19
3
1
2
3
3
Gate No: 20
1
2
3
3
3
Gate No: 21
3
3
2
1
1
Gate No: 22
3
3
1
2
3
Gate No: 23
3
1
1
2
1
Gate No: 24
2
1
1
3
1
Gate No: 25
1
3
2
1
1
Gate No: 26
3
3
1
2
3
Gate No: 27
3
2
1
3
1
Gate No: 28
2
3
3
1
1
Gate No: 29
3
3
2
3
1
Gate No: 30
2
3
1
3
1
Gate No: 31
3
1
1
1
2
Gate No: 32
3
3
2
3
1
Gate No: 33
3
3
1
1
2
Gate No: 34
1
2
1
1
3
Gate No: 35
3
2
1
1
3
Gate No: 36
3
3
3
2
1
Gate No: 37
3
1
3
1
2
Gate No: 38
3
3
3
2
1
Gate No: 39
2
3
3
3
1
Gate No: 40
3
2
3
3
1
Gate No: 41
1
1
1
2
3
Gate No: 42
3
2
3
1
3
Gate No: 43
2
1
1
3
3
Gate No: 44
1
2
1
3
3
Gate No: 45
1
3
1
3
2
Gate No: 46
2
3
3
3
1
Gate No: 47
3
1
2
3
1
Gate No: 48
3
3
1
2
3
Gate No: 49
3
3
2
1
3
Gate No: 50
3
1
2
3
3
Gate No: 51
1
1
3
2
3
Gate No: 52
2
1
3
1
3
Gate No: 53
1
2
3
3
3
Gate No: 54
3
2
1
3
3
Gate No: 55
2
1
3
3
3


Population Size (20% of vectors):  7
Vector Analysis Time:  31.223535537719727 ms
Number of Generation:  18
Final without duplicates:
[[1, 0, 0, 1, 0], [1, 0, 0, 0, 1, 1, 1, 1, 0, 0, 0, 0, 0, 0, 0, 0, 0, 1, 1, 0, 1, 1, 1, 1, 1, 0, 0, 1, 1, 1, 1, 0, 1, 1, 1, 1, 0, 1, 1, 1, 0, 1, 1, 1, 1, 0, 0, 1, 0, 0, 0, 0, 1, 1, 0], 30]
[[1, 1, 0, 0, 1], [0, 1, 0, 1, 0, 0, 0, 1, 0, 1, 0, 1, 0, 0, 1, 1, 1, 0, 1, 0, 1, 0, 0, 0, 0, 0, 0, 1, 1, 1, 1, 0, 1, 0, 1, 1, 0, 1, 1, 1, 1, 0, 1, 0, 0, 1, 1, 0, 0, 1, 1, 1, 0, 1, 0], 28]
[[1, 1, 1, 1, 0], [1, 0, 1, 0, 1, 1, 0, 1, 0, 0, 0, 0, 1, 1, 1, 0, 0, 1, 1, 1, 1, 1, 0, 0, 0, 1, 1, 1, 1, 0, 0, 1, 1, 0, 1, 0, 0, 0, 0, 0, 0, 1, 1, 1, 1, 1, 0, 1, 0, 0, 0, 0, 0, 1, 1], 28]
[[1, 1, 0, 1, 1], [1, 1, 0, 1, 0, 0, 0, 1, 0, 0, 0, 1, 0, 0, 1, 0, 1, 0, 1, 1, 0, 1, 0, 0, 1, 0, 0, 1, 1, 1, 0, 1, 0, 0, 0, 1, 0, 1, 1, 1, 0, 1, 0, 0, 0, 1, 0, 0, 1, 0, 0, 0, 1, 1, 0], 24]
[[0, 0, 0, 1, 1], [1, 1, 0, 1, 0, 0, 0, 1, 0, 0, 0, 0, 1, 1, 1, 0, 0, 0, 0, 1, 0, 1, 1, 1, 0, 1, 1, 1, 1, 0, 0, 1, 1, 1, 1, 0, 0, 0, 0, 0, 0, 1, 1, 0, 0, 0, 0, 1, 0, 1, 0, 0, 0, 0, 1], 24]
[[0, 1, 1, 0, 1], [0, 1, 1, 1, 1, 0, 0, 0, 0, 0, 0, 0, 0, 0, 1, 0, 1, 0, 1, 1, 0, 1, 0, 0, 0, 1, 0, 0, 0, 0, 0, 0, 1, 1, 1, 1, 0, 1, 1, 1, 0, 1, 0, 0, 0, 1, 0, 1, 0, 0, 0, 0, 1, 1, 0], 22]
[[0, 1, 0, 1, 1], [1, 1, 0, 1, 0, 0, 0, 1, 0, 0, 0, 0, 0, 0, 0, 0, 0, 0, 0, 0, 0, 0, 0, 0, 0, 0, 0, 0, 1, 1, 0, 1, 0, 0, 0, 1, 0, 1, 1, 1, 0, 0, 0, 0, 0, 1, 1, 1, 1, 1, 1, 0, 1, 1, 1], 20]
[[1, 1, 1, 1, 1], [1, 1, 0, 1, 0, 0, 1, 1, 0, 0, 1, 1, 1, 0, 0, 0, 1, 1, 0, 0, 1, 0, 0, 0, 0, 0, 0, 1, 1, 1, 0, 1, 0, 0, 0, 1, 0, 1, 1, 1, 0, 1, 0, 0, 0, 1, 0, 0, 1, 0, 0, 0, 0, 1, 1], 24]
[[0, 1, 0, 0, 1], [0, 1, 0, 1, 1, 1, 0, 0, 1, 1, 0, 1, 0, 0, 1, 0, 1, 1, 0, 1, 1, 0, 0, 0, 1, 1, 1, 0, 1, 0, 0, 1, 0, 0, 0, 1, 0, 1, 1, 1, 0, 0, 1, 1, 1, 0, 0, 1, 1, 0, 0, 0, 1, 0, 1], 28]
[[1, 0, 0, 0, 1], [0, 1, 0, 1, 0, 0, 0, 1, 0, 1, 1, 1, 1, 0, 0, 0, 1, 0, 1, 0, 0, 1, 1, 1, 0, 1, 1, 1, 1, 0, 0, 1, 1, 0, 1, 0, 1, 1, 1, 1, 0, 0, 0, 1, 1, 0, 0, 1, 1, 1, 1, 0, 1, 1, 1], 32]


Final Result :
Time to find most covered Vectors:  0.0 ms
Number of Covered Vectors:  5
[[1, 0, 0, 0, 1], [0, 1, 0, 1, 0, 0, 0, 1, 0, 1, 1, 1, 1, 0, 0, 0, 1, 0, 1, 0, 0, 1, 1, 1, 0, 1, 1, 1, 1, 0, 0, 1, 1, 0, 1, 0, 1, 1, 1, 1, 0, 0, 0, 1, 1, 0, 0, 1, 1, 1, 1, 0, 1, 1, 1], 32]
[[1, 0, 0, 1, 0], [1, 0, 0, 0, 1, 1, 1, 1, 0, 0, 0, 0, 0, 0, 0, 0, 0, 1, 1, 0, 1, 1, 1, 1, 1, 0, 0, 1, 1, 1, 1, 0, 1, 1, 1, 1, 0, 1, 1, 1, 0, 1, 1, 1, 1, 0, 0, 1, 0, 0, 0, 0, 1, 1, 0], 30]
[[1, 1, 0, 0, 1], [0, 1, 0, 1, 0, 0, 0, 1, 0, 1, 0, 1, 0, 0, 1, 1, 1, 0, 1, 0, 1, 0, 0, 0, 0, 0, 0, 1, 1, 1, 1, 0, 1, 0, 1, 1, 0, 1, 1, 1, 1, 0, 1, 0, 0, 1, 1, 0, 0, 1, 1, 1, 0, 1, 0], 28]
[[1, 1, 1, 1, 0], [1, 0, 1, 0, 1, 1, 0, 1, 0, 0, 0, 0, 1, 1, 1, 0, 0, 1, 1, 1, 1, 1, 0, 0, 0, 1, 1, 1, 1, 0, 0, 1, 1, 0, 1, 0, 0, 0, 0, 0, 0, 1, 1, 1, 1, 1, 0, 1, 0, 0, 0, 0, 0, 1, 1], 28]
[[0, 1, 0, 0, 1], [0, 1, 0, 1, 1, 1, 0, 0, 1, 1, 0, 1, 0, 0, 1, 0, 1, 1, 0, 1, 1, 0, 0, 0, 1, 1, 1, 0, 1, 0, 0, 1, 0, 0, 0, 1, 0, 1, 1, 1, 0, 0, 1, 1, 1, 0, 0, 1, 1, 0, 0, 0, 1, 0, 1], 28]

Process finished with exit code 0
