"C:\Users\Shaiful Islam Shabuj\AppData\Local\Programs\Python\Python36\python.exe" "D:/EWU/Fall2017/cse497 Thesis/revPython/main.py"
Enter the number of wires:
5
Enter the number of gates:
24
Gate No: 1
3
1
3
3
2
Gate No: 2
3
3
3
1
2
Gate No: 3
3
3
2
3
1
Gate No: 4
1
2
1
3
3
Gate No: 5
3
3
1
3
2
Gate No: 6
2
3
1
3
3
Gate No: 7
3
3
3
2
3
Gate No: 8
3
2
3
1
3
Gate No: 9
1
1
3
2
1
Gate No: 10
1
3
3
1
2
Gate No: 11
1
3
3
2
1
Gate No: 12
3
3
3
2
3
Gate No: 13
3
1
1
2
1
Gate No: 14
3
1
2
1
1
Gate No: 15
3
2
1
1
1
Gate No: 16
1
3
2
1
3
Gate No: 17
1
1
2
3
3
Gate No: 18
1
3
3
3
2
Gate No: 19
3
2
3
3
3
Gate No: 20
3
1
1
1
2
Gate No: 21
2
3
3
1
3
Gate No: 22
3
1
3
2
3
Gate No: 23
3
2
3
3
1
Gate No: 24
3
3
1
2
3


Vector Analysis Time:  4672.091484069824 ms
Number of Generation:  5757
Final without duplicates:
[[0, 0, 0, 1, 0], [1, 0, 1, 0, 1, 1, 1, 1, 0, 1, 1, 1, 0, 0, 1, 1, 1, 1, 1, 0, 1, 0, 0, 1], 16]
[[1, 1, 0, 1, 1], [1, 1, 1, 1, 1, 1, 1, 0, 0, 0, 0, 1, 0, 0, 0, 0, 0, 0, 1, 1, 1, 1, 1, 1], 14]
[[1, 1, 0, 0, 1], [1, 0, 0, 0, 0, 0, 1, 1, 0, 1, 1, 1, 0, 0, 0, 1, 0, 1, 1, 1, 1, 1, 1, 1], 14]
[[0, 0, 0, 0, 1], [0, 0, 1, 0, 1, 1, 1, 1, 0, 1, 1, 1, 1, 0, 0, 0, 1, 1, 1, 0, 0, 0, 0, 0], 12]
[[0, 0, 0, 1, 1], [0, 1, 0, 1, 1, 1, 1, 0, 0, 0, 0, 1, 1, 0, 0, 0, 0, 0, 1, 0, 0, 0, 1, 1], 10]
[[0, 0, 0, 1, 0], [0, 1, 1, 0, 0, 0, 1, 0, 0, 0, 1, 1, 0, 0, 0, 0, 0, 1, 1, 0, 0, 1, 0, 0], 8]
[[0, 0, 0, 1, 1], [0, 1, 0, 0, 0, 0, 1, 0, 0, 0, 0, 1, 0, 0, 0, 0, 0, 0, 1, 0, 1, 1, 0, 0], 6]
[[1, 1, 0, 0, 0], [1, 0, 1, 1, 1, 1, 1, 1, 0, 0, 0, 1, 0, 0, 0, 0, 0, 0, 1, 0, 0, 0, 0, 1], 10]
[[0, 0, 1, 1, 1], [0, 1, 0, 0, 1, 1, 1, 0, 0, 0, 1, 1, 0, 0, 0, 0, 0, 1, 1, 0, 0, 1, 0, 1], 10]
[[0, 1, 0, 1, 1], [1, 1, 1, 0, 1, 1, 1, 0, 0, 0, 0, 1, 0, 0, 0, 1, 1, 1, 1, 0, 1, 0, 1, 1], 14]
[[1, 1, 1, 1, 1], [1, 1, 1, 0, 0, 0, 1, 0, 1, 1, 0, 1, 0, 0, 0, 0, 1, 1, 1, 0, 0, 0, 1, 1], 12]
[[0, 0, 0, 1, 0], [0, 1, 1, 0, 1, 1, 1, 0, 0, 0, 0, 1, 0, 0, 0, 1, 0, 1, 1, 0, 1, 1, 1, 0], 12]
[[0, 1, 0, 0, 0], [1, 0, 1, 0, 1, 1, 1, 1, 0, 1, 1, 1, 0, 0, 1, 1, 1, 1, 1, 0, 1, 0, 0, 1], 16]
[[0, 0, 1, 0, 0], [0, 0, 0, 0, 1, 1, 1, 1, 1, 0, 1, 1, 1, 1, 0, 1, 1, 1, 1, 0, 1, 0, 0, 0], 14]


Final Result :
Time to find most covered Vectors:  0.0 ms
[[0, 0, 0, 1, 0], [1, 0, 1, 0, 1, 1, 1, 1, 0, 1, 1, 1, 0, 0, 1, 1, 1, 1, 1, 0, 1, 0, 0, 1], 16]
[[1, 1, 0, 1, 1], [1, 1, 1, 1, 1, 1, 1, 0, 0, 0, 0, 1, 0, 0, 0, 0, 0, 0, 1, 1, 1, 1, 1, 1], 14]
[[0, 0, 1, 0, 0], [0, 0, 0, 0, 1, 1, 1, 1, 1, 0, 1, 1, 1, 1, 0, 1, 1, 1, 1, 0, 1, 0, 0, 0], 14]

Process finished with exit code 0
