"C:\Users\Shaiful Islam Shabuj\AppData\Local\Programs\Python\Python36\python.exe" "D:/EWU/Fall2017/cse497 Thesis/revPython/main.py"
Enter the number of wires:
6
Enter the number of gates:
47
Gate No: 1
2
3
3
3
3
3
Gate No: 2
2
3
1
3
3
3
Gate No: 3
1
1
2
3
3
3
Gate No: 4
3
3
3
2
3
1
Gate No: 5
3
3
3
3
1
2
Gate No: 6
1
2
1
3
3
3
Gate No: 7
1
3
1
3
3
2
Gate No: 8
3
3
2
3
3
3
Gate No: 9
3
1
3
2
3
3
Gate No: 10
3
2
3
3
3
3
Gate No: 11
3
1
3
1
3
2
Gate No: 12
3
3
3
3
2
1
Gate No: 13
1
2
3
3
3
3
Gate No: 14
2
1
3
3
3
3
Gate No: 15
1
3
3
3
2
3
Gate No: 16
1
2
3
3
3
3
Gate No: 17
3
3
2
3
3
3
Gate No: 18
3
1
1
2
3
3
Gate No: 19
3
1
3
3
3
2
Gate No: 20
3
3
3
3
3
2
Gate No: 21
3
3
2
3
1
1
Gate No: 22
3
2
1
3
1
1
Gate No: 23
2
3
3
3
3
1
Gate No: 24
1
3
3
2
3
3
Gate No: 25
3
3
2
3
3
1
Gate No: 26
3
1
1
3
3
2
Gate No: 27
3
3
3
1
2
3
Gate No: 28
3
2
3
1
3
3
Gate No: 29
2
3
3
3
1
3
Gate No: 30
3
3
1
3
1
2
Gate No: 31
3
3
2
3
3
1
Gate No: 32
3
3
3
3
1
2
Gate No: 33
3
1
3
2
1
3
Gate No: 34
1
3
3
1
3
2
Gate No: 35
2
3
3
3
3
3
Gate No: 36
1
3
2
3
3
3
Gate No: 37
2
1
3
3
1
3
Gate No: 38
3
3
2
1
3
3
Gate No: 39
1
2
1
3
3
3
Gate No: 40
2
1
3
3
3
3
Gate No: 41
3
3
1
3
2
3
Gate No: 42
3
3
2
3
3
3
Gate No: 43
3
1
2
3
3
3
Gate No: 44
1
2
3
3
3
3
Gate No: 45
3
3
3
1
2
3
Gate No: 46
3
3
3
2
3
1
Gate No: 47
3
3
3
3
3
2


Population Size (20% of vectors):  13
Vector Analysis Time:  15.625 ms
Number of Generation:  9
Final without duplicates:
[[0, 1, 0, 0, 1, 1], [1, 0, 1, 1, 1, 1, 1, 1, 0, 1, 1, 0, 1, 0, 1, 1, 1, 1, 1, 1, 0, 0, 0, 1, 0, 1, 1, 1, 1, 1, 0, 1, 0, 0, 1, 1, 0, 1, 1, 1, 1, 1, 1, 0, 1, 1, 1], 34]
[[0, 1, 0, 1, 1, 1], [1, 0, 1, 1, 1, 1, 1, 1, 0, 1, 0, 1, 1, 0, 1, 1, 1, 1, 1, 1, 1, 0, 1, 0, 1, 1, 1, 1, 0, 0, 0, 0, 0, 0, 1, 1, 0, 1, 1, 1, 1, 1, 1, 0, 1, 0, 1], 32]
[[1, 1, 1, 0, 0, 1], [1, 1, 1, 1, 0, 0, 0, 1, 1, 1, 0, 1, 1, 1, 0, 0, 1, 0, 1, 1, 1, 1, 1, 1, 1, 0, 1, 1, 0, 0, 1, 0, 0, 1, 1, 0, 0, 1, 0, 1, 0, 1, 1, 1, 1, 0, 1], 30]
[[1, 1, 1, 1, 1, 0], [1, 1, 1, 0, 1, 0, 0, 1, 1, 1, 0, 1, 1, 1, 0, 0, 1, 0, 1, 1, 0, 0, 1, 1, 1, 1, 1, 1, 1, 1, 1, 1, 0, 0, 1, 1, 0, 1, 0, 0, 0, 1, 0, 1, 1, 0, 1], 30]
[[1, 0, 1, 0, 0, 0], [1, 1, 0, 0, 0, 1, 1, 1, 1, 1, 0, 1, 1, 1, 0, 0, 1, 1, 1, 1, 1, 0, 1, 1, 1, 1, 1, 1, 0, 0, 0, 0, 0, 1, 1, 0, 0, 1, 0, 0, 0, 1, 0, 0, 1, 1, 1], 28]
[[0, 1, 0, 0, 0, 0], [1, 0, 1, 0, 0, 1, 1, 1, 0, 1, 0, 1, 1, 0, 1, 1, 1, 1, 1, 1, 0, 0, 1, 0, 1, 0, 1, 1, 1, 0, 1, 1, 0, 1, 1, 0, 0, 1, 0, 0, 0, 1, 0, 0, 1, 1, 1], 28]
[[0, 0, 1, 0, 0, 1], [1, 1, 0, 1, 0, 0, 0, 1, 0, 1, 1, 0, 0, 1, 1, 1, 1, 0, 0, 1, 1, 0, 1, 0, 1, 0, 1, 1, 0, 0, 1, 0, 0, 0, 1, 1, 0, 1, 0, 1, 0, 1, 1, 0, 1, 1, 1], 26]
[[1, 0, 1, 0, 0, 1], [1, 1, 0, 1, 0, 1, 1, 1, 1, 1, 0, 0, 1, 1, 0, 0, 1, 1, 1, 1, 0, 0, 0, 0, 0, 1, 1, 1, 1, 1, 0, 1, 0, 1, 1, 0, 0, 1, 0, 0, 0, 1, 0, 0, 1, 0, 1], 26]
[[0, 0, 1, 1, 1, 0], [1, 1, 0, 0, 1, 0, 0, 1, 0, 1, 1, 0, 0, 1, 1, 1, 1, 0, 0, 1, 0, 0, 1, 0, 1, 0, 1, 1, 1, 0, 1, 1, 1, 0, 1, 0, 1, 0, 1, 0, 1, 1, 0, 1, 0, 0, 1], 26]


Final Result :
Time to find most covered Vectors:  0.0 ms
Number of Covered Vectors:  3
[[0, 1, 0, 0, 1, 1], [1, 0, 1, 1, 1, 1, 1, 1, 0, 1, 1, 0, 1, 0, 1, 1, 1, 1, 1, 1, 0, 0, 0, 1, 0, 1, 1, 1, 1, 1, 0, 1, 0, 0, 1, 1, 0, 1, 1, 1, 1, 1, 1, 0, 1, 1, 1], 34]
[[1, 1, 1, 0, 0, 1], [1, 1, 1, 1, 0, 0, 0, 1, 1, 1, 0, 1, 1, 1, 0, 0, 1, 0, 1, 1, 1, 1, 1, 1, 1, 0, 1, 1, 0, 0, 1, 0, 0, 1, 1, 0, 0, 1, 0, 1, 0, 1, 1, 1, 1, 0, 1], 30]
[[0, 0, 1, 1, 1, 0], [1, 1, 0, 0, 1, 0, 0, 1, 0, 1, 1, 0, 0, 1, 1, 1, 1, 0, 0, 1, 0, 0, 1, 0, 1, 0, 1, 1, 1, 0, 1, 1, 1, 0, 1, 0, 1, 0, 1, 0, 1, 1, 0, 1, 0, 0, 1], 26]

Process finished with exit code 0
