"C:\Users\Shaiful Islam Shabuj\AppData\Local\Programs\Python\Python36\python.exe" "D:/EWU/Fall2017/cse497 Thesis/revPython/main.py"
Enter the number of wires:
6
Enter the number of gates:
42
Gate No: 1
3
2
3
3
3
1
Gate No: 2
3
3
3
2
1
3
Gate No: 3
3
3
2
1
3
3
Gate No: 4
2
3
1
3
3
3
Gate No: 5
1
3
1
3
3
2
Gate No: 6
3
3
2
3
1
3
Gate No: 7
3
3
2
1
3
3
Gate No: 8
2
1
3
3
3
3
Gate No: 9
3
3
1
1
2
3
Gate No: 10
3
3
1
2
1
3
Gate No: 11
1
3
2
3
3
1
Gate No: 12
1
2
3
1
3
3
Gate No: 13
1
3
3
3
1
2
Gate No: 14
2
3
1
3
3
3
Gate No: 15
3
3
3
3
1
2
Gate No: 16
1
3
1
2
3
1
Gate No: 17
2
3
1
1
3
3
Gate No: 18
2
3
3
1
3
3
Gate No: 19
3
1
1
2
3
1
Gate No: 20
1
1
3
3
3
2
Gate No: 21
3
2
3
1
3
3
Gate No: 22
1
3
3
1
2
1
Gate No: 23
3
3
1
3
3
2
Gate No: 24
2
3
3
3
3
1
Gate No: 25
3
3
1
1
3
2
Gate No: 26
3
3
3
2
3
1
Gate No: 27
3
3
3
1
3
2
Gate No: 28
3
1
3
3
2
3
Gate No: 29
1
3
3
3
1
2
Gate No: 30
1
3
1
3
3
2
Gate No: 31
1
1
3
1
3
2
Gate No: 32
2
3
3
3
3
1
Gate No: 33
3
3
1
2
3
3
Gate No: 34
3
1
2
3
1
3
Gate No: 35
1
3
3
3
2
1
Gate No: 36
3
2
3
3
1
3
Gate No: 37
3
3
3
2
1
3
Gate No: 38
3
3
1
3
2
3
Gate No: 39
3
1
3
3
3
2
Gate No: 40
3
1
2
3
3
3
Gate No: 41
1
2
3
3
3
3
Gate No: 42
2
1
3
3
3
3


Population Size (20% of vectors):  13
Vector Analysis Time:  0.0 ms
Number of Generation:  7
Final without duplicates:
[[0, 0, 0, 0, 1, 1], [1, 1, 1, 1, 1, 1, 1, 1, 1, 0, 0, 0, 0, 1, 0, 0, 1, 1, 0, 1, 1, 1, 1, 0, 1, 1, 0, 0, 1, 1, 0, 1, 1, 0, 0, 1, 1, 1, 1, 1, 0, 1], 28]
[[1, 1, 0, 0, 1, 0], [0, 1, 1, 1, 0, 1, 1, 1, 1, 0, 0, 1, 0, 1, 0, 0, 1, 1, 0, 0, 1, 0, 1, 1, 1, 0, 1, 1, 1, 1, 1, 0, 1, 1, 0, 1, 1, 0, 0, 0, 1, 1], 26]
[[1, 0, 0, 0, 1, 0], [0, 1, 1, 1, 0, 1, 1, 0, 1, 0, 0, 0, 0, 1, 0, 0, 1, 1, 0, 0, 1, 0, 1, 1, 1, 0, 1, 1, 0, 0, 0, 1, 1, 1, 1, 0, 0, 0, 1, 1, 1, 0], 22]
[[1, 1, 1, 1, 0, 0], [0, 0, 1, 0, 0, 0, 1, 1, 1, 1, 0, 0, 0, 1, 1, 1, 1, 1, 1, 1, 0, 0, 1, 1, 0, 1, 1, 1, 0, 0, 0, 0, 1, 0, 0, 0, 0, 1, 1, 1, 0, 1], 22]
[[1, 0, 1, 1, 0, 0], [0, 0, 1, 0, 0, 0, 1, 0, 1, 1, 0, 0, 1, 1, 1, 0, 0, 0, 0, 0, 0, 0, 1, 1, 0, 1, 1, 0, 1, 1, 0, 0, 1, 0, 0, 1, 1, 1, 1, 1, 1, 0], 20]
[[0, 1, 1, 0, 0, 0], [0, 0, 0, 1, 1, 0, 0, 1, 0, 0, 0, 0, 0, 1, 0, 1, 1, 1, 1, 1, 0, 0, 1, 1, 0, 1, 1, 1, 0, 0, 0, 0, 1, 1, 0, 1, 1, 0, 0, 0, 0, 0], 18]
[[1, 1, 0, 1, 1, 1], [1, 1, 0, 0, 0, 1, 0, 0, 0, 1, 1, 1, 1, 0, 1, 0, 0, 1, 0, 0, 1, 0, 0, 1, 0, 1, 0, 0, 1, 0, 0, 0, 0, 0, 0, 1, 1, 0, 1, 1, 1, 0], 18]


Final Result :
Time to find most covered Vectors:  0.0 ms
Number of Covered Vectors:  5
[[0, 0, 0, 0, 1, 1], [1, 1, 1, 1, 1, 1, 1, 1, 1, 0, 0, 0, 0, 1, 0, 0, 1, 1, 0, 1, 1, 1, 1, 0, 1, 1, 0, 0, 1, 1, 0, 1, 1, 0, 0, 1, 1, 1, 1, 1, 0, 1], 28]
[[1, 1, 0, 0, 1, 0], [0, 1, 1, 1, 0, 1, 1, 1, 1, 0, 0, 1, 0, 1, 0, 0, 1, 1, 0, 0, 1, 0, 1, 1, 1, 0, 1, 1, 1, 1, 1, 0, 1, 1, 0, 1, 1, 0, 0, 0, 1, 1], 26]
[[1, 1, 1, 1, 0, 0], [0, 0, 1, 0, 0, 0, 1, 1, 1, 1, 0, 0, 0, 1, 1, 1, 1, 1, 1, 1, 0, 0, 1, 1, 0, 1, 1, 1, 0, 0, 0, 0, 1, 0, 0, 0, 0, 1, 1, 1, 0, 1], 22]
[[1, 1, 0, 1, 1, 1], [1, 1, 0, 0, 0, 1, 0, 0, 0, 1, 1, 1, 1, 0, 1, 0, 0, 1, 0, 0, 1, 0, 0, 1, 0, 1, 0, 0, 1, 0, 0, 0, 0, 0, 0, 1, 1, 0, 1, 1, 1, 0], 18]
[[1, 0, 0, 0, 1, 0], [0, 1, 1, 1, 0, 1, 1, 0, 1, 0, 0, 0, 0, 1, 0, 0, 1, 1, 0, 0, 1, 0, 1, 1, 1, 0, 1, 1, 0, 0, 0, 1, 1, 1, 1, 0, 0, 0, 1, 1, 1, 0], 22]

Process finished with exit code 0
