"C:\Users\Shaiful Islam Shabuj\AppData\Local\Programs\Python\Python36\python.exe" "D:/EWU/Fall2017/cse497 Thesis/revPython/main.py"
Enter the number of wires:
6
Enter the number of gates:
21
Gate No: 1
3
3
3
2
3
3
Gate No: 2
3
3
3
3
2
3
Gate No: 3
3
3
3
3
3
2
Gate No: 4
1
3
3
2
1
1
Gate No: 5
3
3
1
3
2
1
Gate No: 6
3
3
1
3
2
3
Gate No: 7
3
1
3
1
2
3
Gate No: 8
3
3
1
1
3
2
Gate No: 9
3
3
3
2
1
1
Gate No: 10
3
2
3
3
3
3
Gate No: 11
3
3
2
3
3
3
Gate No: 12
3
1
1
2
1
1
Gate No: 13
3
3
2
3
3
3
Gate No: 14
3
2
3
3
3
3
Gate No: 15
3
1
1
1
2
1
Gate No: 16
3
1
3
1
1
2
Gate No: 17
1
3
3
1
3
2
Gate No: 18
3
3
3
3
3
2
Gate No: 19
3
3
3
3
2
3
Gate No: 20
3
3
3
2
3
3
Gate No: 21
1
3
3
3
2
1


Population Size (20% of vectors):  13
Vector Analysis Time:  15.598773956298828 ms
Number of Generation:  10
Final without duplicates:
[[1, 1, 1, 1, 0, 0], [1, 1, 1, 1, 1, 1, 1, 1, 0, 1, 1, 0, 1, 1, 0, 0, 1, 1, 1, 1, 0], 16]
[[1, 0, 1, 0, 0, 0], [1, 1, 1, 1, 1, 1, 0, 0, 1, 1, 1, 0, 1, 1, 0, 0, 1, 1, 1, 1, 1], 16]
[[1, 1, 0, 0, 1, 1], [1, 1, 1, 0, 0, 0, 1, 0, 0, 1, 1, 0, 1, 1, 0, 1, 1, 1, 1, 1, 1], 14]
[[1, 1, 0, 1, 0, 0], [1, 1, 1, 1, 0, 0, 1, 0, 0, 1, 1, 0, 1, 1, 0, 0, 1, 1, 1, 1, 1], 14]
[[0, 1, 1, 1, 0, 0], [1, 1, 1, 0, 1, 1, 0, 0, 1, 1, 1, 0, 1, 1, 1, 0, 0, 1, 1, 1, 0], 14]
[[1, 0, 1, 1, 0, 0], [1, 1, 1, 1, 1, 1, 0, 1, 0, 1, 1, 0, 1, 1, 0, 0, 1, 1, 1, 1, 0], 15]
[[0, 0, 1, 1, 0, 0], [1, 1, 1, 0, 1, 1, 0, 0, 1, 1, 1, 0, 1, 1, 0, 0, 0, 1, 1, 1, 0], 13]
[[0, 0, 1, 0, 1, 1], [1, 1, 1, 0, 0, 1, 0, 1, 1, 1, 1, 0, 1, 1, 0, 0, 0, 1, 1, 1, 0], 13]
[[1, 1, 1, 1, 0, 1], [1, 1, 1, 0, 0, 1, 0, 0, 0, 1, 1, 0, 1, 1, 0, 0, 0, 1, 1, 1, 1], 12]
[[0, 0, 0, 0, 0, 0], [1, 1, 1, 0, 0, 0, 0, 0, 1, 1, 1, 1, 1, 1, 0, 0, 0, 1, 1, 1, 0], 12]


Final Result :
Time to find most covered Vectors:  0.0 ms
Number of Covered Vectors:  5
[[1, 1, 1, 1, 0, 0], [1, 1, 1, 1, 1, 1, 1, 1, 0, 1, 1, 0, 1, 1, 0, 0, 1, 1, 1, 1, 0], 16]
[[1, 0, 1, 0, 0, 0], [1, 1, 1, 1, 1, 1, 0, 0, 1, 1, 1, 0, 1, 1, 0, 0, 1, 1, 1, 1, 1], 16]
[[1, 1, 0, 0, 1, 1], [1, 1, 1, 0, 0, 0, 1, 0, 0, 1, 1, 0, 1, 1, 0, 1, 1, 1, 1, 1, 1], 14]
[[0, 1, 1, 1, 0, 0], [1, 1, 1, 0, 1, 1, 0, 0, 1, 1, 1, 0, 1, 1, 1, 0, 0, 1, 1, 1, 0], 14]
[[0, 0, 0, 0, 0, 0], [1, 1, 1, 0, 0, 0, 0, 0, 1, 1, 1, 1, 1, 1, 0, 0, 0, 1, 1, 1, 0], 12]

Process finished with exit code 0
