"C:\Users\Shaiful Islam Shabuj\AppData\Local\Programs\Python\Python36\python.exe" "D:/EWU/Fall2017/cse497 Thesis/revPython/main.py"
Enter the number of wires:
6
Enter the number of gates:
15
Gate No: 1
3
2
3
3
3
3
Gate No: 2
1
2
3
1
3
3
Gate No: 3
2
3
3
3
3
3
Gate No: 4
1
1
2
3
3
1
Gate No: 5
3
3
2
3
3
3
Gate No: 6
2
3
1
1
3
3
Gate No: 7
1
1
2
1
3
3
Gate No: 8
3
2
1
3
1
3
Gate No: 9
1
1
2
3
1
3
Gate No: 10
2
1
1
3
1
3
Gate No: 11
2
3
1
3
3
1
Gate No: 12
2
3
3
3
3
3
Gate No: 13
3
2
3
3
3
3
Gate No: 14
3
3
2
3
3
3
Gate No: 15
1
2
3
3
3
1


Population Size (20% of vectors):  13
Vector Analysis Time:  15.628576278686523 ms
Number of Generation:  20
Final without duplicates:
[[0, 0, 1, 1, 1, 1], [1, 0, 1, 1, 1, 1, 0, 1, 0, 0, 1, 1, 1, 1, 0], 10]
[[0, 0, 0, 1, 0, 1], [1, 0, 1, 1, 1, 0, 1, 0, 0, 0, 1, 1, 1, 1, 1], 10]
[[1, 1, 0, 1, 0, 1], [1, 1, 1, 0, 1, 1, 1, 0, 0, 0, 0, 1, 1, 1, 0], 9]
[[0, 1, 0, 0, 1, 1], [1, 0, 1, 0, 1, 0, 0, 1, 1, 0, 0, 1, 1, 1, 0], 8]
[[0, 1, 0, 1, 0, 1], [1, 0, 1, 0, 1, 1, 0, 0, 0, 0, 1, 1, 1, 1, 0], 8]
[[1, 0, 1, 1, 0, 1], [1, 1, 1, 0, 1, 0, 0, 0, 0, 0, 0, 1, 1, 1, 1], 8]
[[0, 1, 0, 0, 1, 0], [1, 0, 1, 0, 1, 0, 0, 1, 1, 0, 0, 1, 1, 1, 0], 8]
[[0, 1, 0, 0, 0, 1], [1, 0, 1, 0, 1, 0, 0, 0, 0, 0, 1, 1, 1, 1, 1], 8]
[[1, 0, 1, 1, 0, 0], [1, 1, 1, 0, 1, 0, 0, 0, 0, 0, 0, 1, 1, 1, 0], 7]
[[1, 0, 1, 0, 0, 1], [1, 0, 1, 0, 1, 0, 0, 0, 0, 0, 0, 1, 1, 1, 1], 7]
[[1, 0, 0, 0, 1, 0], [1, 0, 1, 0, 1, 0, 0, 1, 0, 0, 0, 1, 1, 1, 0], 7]
[[1, 1, 1, 0, 0, 1], [1, 0, 1, 0, 1, 0, 0, 0, 0, 0, 0, 1, 1, 1, 1], 7]
[[1, 0, 1, 0, 1, 0], [1, 0, 1, 0, 1, 0, 0, 0, 0, 0, 0, 1, 1, 1, 0], 6]
[[0, 0, 0, 0, 1, 0], [1, 0, 1, 0, 1, 0, 0, 1, 0, 0, 0, 1, 1, 1, 0], 7]
[[1, 1, 0, 0, 1, 0], [1, 0, 1, 0, 1, 0, 0, 1, 0, 1, 0, 1, 1, 1, 0], 8]


Final Result :
Time to find most covered Vectors:  0.0 ms
Number of Covered Vectors:  5
[[0, 0, 1, 1, 1, 1], [1, 0, 1, 1, 1, 1, 0, 1, 0, 0, 1, 1, 1, 1, 0], 10]
[[0, 0, 0, 1, 0, 1], [1, 0, 1, 1, 1, 0, 1, 0, 0, 0, 1, 1, 1, 1, 1], 10]
[[1, 1, 0, 1, 0, 1], [1, 1, 1, 0, 1, 1, 1, 0, 0, 0, 0, 1, 1, 1, 0], 9]
[[0, 1, 0, 0, 1, 1], [1, 0, 1, 0, 1, 0, 0, 1, 1, 0, 0, 1, 1, 1, 0], 8]
[[1, 1, 0, 0, 1, 0], [1, 0, 1, 0, 1, 0, 0, 1, 0, 1, 0, 1, 1, 1, 0], 8]

Process finished with exit code 0
