"C:\Users\Shaiful Islam Shabuj\AppData\Local\Programs\Python\Python36\python.exe" "D:/EWU/Fall2017/cse497 Thesis/revPython/main.py"
Enter the number of wires:
7
Enter the number of gates:
14
Gate No: 1
3
3
3
3
3
0
2
Gate No: 2
3
3
3
3
3
1
2
Gate No: 3
3
3
0
0
0
0
2
Gate No: 4
3
3
1
1
1
1
2
Gate No: 5
1
1
1
1
1
0
2
Gate No: 6
0
0
0
0
1
0
2
Gate No: 7
0
0
0
1
0
0
2
Gate No: 8
0
0
1
0
0
0
2
Gate No: 9
1
1
0
1
1
1
2
Gate No: 10
1
1
1
0
1
1
2
Gate No: 11
0
0
0
0
0
1
2
Gate No: 12
0
0
1
1
1
1
2
Gate No: 13
1
1
0
0
0
0
2
Gate No: 14
1
1
1
1
0
1
2


Vector Analysis Time:  265.622615814209 ms
Number of Generation:  389
Final without duplicates:
[[1, 1, 0, 0, 0, 0, 0], [1, 0, 1, 0, 0, 0, 0, 0, 0, 0, 0, 0, 1, 0], 3]
[[1, 1, 1, 1, 0, 1, 0], [0, 1, 0, 0, 0, 0, 0, 0, 0, 0, 0, 0, 0, 1], 2]
[[0, 0, 0, 0, 1, 0, 0], [1, 0, 0, 0, 0, 1, 0, 0, 0, 0, 0, 0, 0, 0], 2]
[[0, 0, 0, 0, 1, 0, 1], [1, 0, 0, 0, 0, 1, 0, 0, 0, 0, 0, 0, 0, 0], 2]
[[1, 1, 1, 1, 1, 0, 1], [1, 0, 0, 0, 1, 0, 0, 0, 0, 0, 0, 0, 0, 0], 2]
[[0, 0, 1, 1, 1, 0, 0], [1, 0, 0, 0, 0, 0, 0, 0, 0, 0, 0, 0, 0, 0], 1]
[[0, 1, 0, 0, 0, 0, 0], [1, 0, 1, 0, 0, 0, 0, 0, 0, 0, 0, 0, 0, 0], 2]
[[0, 1, 1, 0, 1, 1, 0], [0, 1, 0, 0, 0, 0, 0, 0, 0, 0, 0, 0, 0, 0], 1]
[[0, 0, 1, 1, 0, 0, 1], [1, 0, 0, 0, 0, 0, 0, 0, 0, 0, 0, 0, 0, 0], 1]
[[0, 0, 0, 0, 0, 1, 0], [0, 1, 0, 0, 0, 0, 0, 0, 0, 0, 1, 0, 0, 0], 2]
[[0, 1, 0, 1, 1, 0, 1], [1, 0, 0, 0, 0, 0, 0, 0, 0, 0, 0, 0, 0, 0], 1]
[[0, 1, 0, 1, 1, 0, 0], [1, 0, 0, 0, 0, 0, 0, 0, 0, 0, 0, 0, 0, 0], 1]
[[1, 0, 1, 0, 1, 0, 0], [1, 0, 0, 0, 0, 0, 0, 0, 0, 0, 0, 0, 0, 0], 1]
[[1, 1, 0, 0, 0, 0, 1], [1, 0, 1, 0, 0, 0, 0, 0, 0, 0, 0, 0, 1, 0], 3]
[[1, 0, 1, 1, 0, 0, 1], [1, 0, 0, 0, 0, 0, 0, 0, 0, 0, 0, 0, 0, 0], 1]
[[0, 0, 1, 1, 0, 0, 0], [1, 0, 0, 0, 0, 0, 0, 0, 0, 0, 0, 0, 0, 0], 1]
[[1, 0, 1, 1, 0, 0, 0], [1, 0, 0, 0, 0, 0, 0, 0, 0, 0, 0, 0, 0, 0], 1]
[[1, 1, 1, 1, 1, 1, 0], [0, 1, 0, 1, 0, 0, 0, 0, 0, 0, 0, 0, 0, 0], 2]
[[0, 1, 1, 0, 1, 0, 0], [1, 0, 0, 0, 0, 0, 0, 0, 0, 0, 0, 0, 0, 0], 1]
[[0, 0, 0, 1, 0, 1, 1], [0, 1, 0, 0, 0, 0, 0, 0, 0, 0, 0, 0, 0, 0], 1]
[[1, 0, 1, 0, 1, 0, 1], [1, 0, 0, 0, 0, 0, 0, 0, 0, 0, 0, 0, 0, 0], 1]
[[1, 1, 0, 1, 0, 1, 1], [0, 1, 0, 0, 0, 0, 0, 0, 0, 0, 0, 0, 0, 0], 1]
[[1, 0, 1, 0, 0, 0, 1], [1, 0, 0, 0, 0, 0, 0, 0, 0, 0, 0, 0, 0, 0], 1]
[[0, 1, 0, 0, 1, 0, 0], [1, 0, 0, 0, 0, 0, 0, 0, 0, 0, 0, 0, 0, 0], 1]
[[0, 0, 1, 0, 1, 0, 0], [1, 0, 0, 0, 0, 0, 0, 0, 0, 0, 0, 0, 0, 0], 1]
[[0, 1, 1, 0, 1, 0, 1], [1, 0, 0, 0, 0, 0, 0, 0, 0, 0, 0, 0, 0, 0], 1]
[[1, 0, 1, 0, 1, 1, 0], [0, 1, 0, 0, 0, 0, 0, 0, 0, 0, 0, 0, 0, 0], 1]
[[1, 1, 1, 0, 1, 1, 0], [0, 1, 0, 0, 0, 0, 0, 0, 0, 1, 0, 0, 0, 0], 2]
[[0, 1, 1, 1, 0, 1, 0], [0, 1, 0, 0, 0, 0, 0, 0, 0, 0, 0, 0, 0, 0], 1]
[[1, 1, 0, 0, 1, 1, 0], [0, 1, 0, 0, 0, 0, 0, 0, 0, 0, 0, 0, 0, 0], 1]
[[1, 1, 0, 1, 1, 0, 1], [1, 0, 0, 0, 0, 0, 0, 0, 0, 0, 0, 0, 0, 0], 1]
[[0, 0, 1, 1, 1, 1, 0], [0, 1, 0, 1, 0, 0, 0, 0, 0, 0, 0, 1, 0, 0], 3]
[[1, 1, 1, 1, 0, 1, 1], [0, 1, 0, 0, 0, 0, 0, 0, 0, 0, 0, 0, 0, 1], 2]
[[1, 1, 1, 1, 1, 0, 0], [1, 0, 0, 0, 1, 0, 0, 0, 0, 0, 0, 0, 0, 0], 2]
[[0, 1, 0, 0, 0, 0, 1], [1, 0, 1, 0, 0, 0, 0, 0, 0, 0, 0, 0, 0, 0], 2]
[[0, 0, 1, 0, 0, 0, 0], [1, 0, 0, 0, 0, 0, 0, 1, 0, 0, 0, 0, 0, 0], 2]
[[0, 0, 1, 0, 0, 0, 1], [1, 0, 0, 0, 0, 0, 0, 1, 0, 0, 0, 0, 0, 0], 2]
[[0, 0, 1, 1, 1, 1, 1], [0, 1, 0, 1, 0, 0, 0, 0, 0, 0, 0, 1, 0, 0], 3]
[[0, 0, 0, 1, 0, 0, 1], [1, 0, 0, 0, 0, 0, 1, 0, 0, 0, 0, 0, 0, 0], 2]
[[0, 0, 0, 1, 0, 0, 0], [1, 0, 0, 0, 0, 0, 1, 0, 0, 0, 0, 0, 0, 0], 2]
[[1, 0, 0, 0, 0, 0, 0], [1, 0, 1, 0, 0, 0, 0, 0, 0, 0, 0, 0, 0, 0], 2]
[[0, 0, 0, 0, 0, 0, 1], [1, 0, 1, 0, 0, 0, 0, 0, 0, 0, 0, 0, 0, 0], 2]
[[1, 1, 0, 1, 1, 1, 1], [0, 1, 0, 0, 0, 0, 0, 0, 1, 0, 0, 0, 0, 0], 2]


Final Result :
Time to find most covered Vectors:  0.0 ms
[[1, 1, 0, 0, 0, 0, 0], [1, 0, 1, 0, 0, 0, 0, 0, 0, 0, 0, 0, 1, 0], 3]
[[0, 0, 1, 1, 1, 1, 0], [0, 1, 0, 1, 0, 0, 0, 0, 0, 0, 0, 1, 0, 0], 3]
[[1, 1, 1, 1, 0, 1, 0], [0, 1, 0, 0, 0, 0, 0, 0, 0, 0, 0, 0, 0, 1], 2]
[[0, 0, 0, 0, 1, 0, 0], [1, 0, 0, 0, 0, 1, 0, 0, 0, 0, 0, 0, 0, 0], 2]
[[1, 1, 1, 1, 1, 0, 1], [1, 0, 0, 0, 1, 0, 0, 0, 0, 0, 0, 0, 0, 0], 2]
[[0, 0, 0, 0, 0, 1, 0], [0, 1, 0, 0, 0, 0, 0, 0, 0, 0, 1, 0, 0, 0], 2]
[[1, 1, 1, 0, 1, 1, 0], [0, 1, 0, 0, 0, 0, 0, 0, 0, 1, 0, 0, 0, 0], 2]
[[0, 0, 1, 0, 0, 0, 0], [1, 0, 0, 0, 0, 0, 0, 1, 0, 0, 0, 0, 0, 0], 2]
[[0, 0, 0, 1, 0, 0, 1], [1, 0, 0, 0, 0, 0, 1, 0, 0, 0, 0, 0, 0, 0], 2]
[[1, 1, 0, 1, 1, 1, 1], [0, 1, 0, 0, 0, 0, 0, 0, 1, 0, 0, 0, 0, 0], 2]

Process finished with exit code 0
